45

w 0
87 1 0 8 8 0 0
1 0 0

- 0
32 0 1 15 15 0 0
0 0 0

@ 1
64 1 0 0 15 0 0 64 1 0 4 15 5 1
0 1 0

D 1
178 1 0 8 15 40 0 176 0 1 8 15 40 0
0 1 0 

s 0
186 0 1 1 15 0 0
0 0 0

f 0
70 1 1 5 5 0 0
0 0 0

o 0
233 1 1 6 15 0 0
0 0 0

t 1
222 1 1 0 15 0 0 222 1 1 2 15 8 1
0 1 0

/ 1
47 1 1 0 15 0 0 96 0 1 0 15 1 0
0 1 0

0 0
200 1 1 12 15 0 0
0 0 0

e 0
201 1 1 12 15 0 0
0 0 0

j 0
187 1 1 12 15 0 0
0 0 0

l 0 
188 1 1 12 15 0 0
0 0 0

h 0
205 1 1 12 15 0 0
0 0 0

v 0
186 1 1 12 15 0 0
0 0 0

c 0
254 1 0 3 15 0 0
0 0 0

r 0
228 1 0 9 15 0 0
0 0 0

y 1
154 1 1 7 15 0 0 154 1 1 6 15 5 1
0 1 0

b 1
234 1 1 7 15 0 0 234 1 1 6 15 5 1
0 1 0

k 1
157 1 1 11 5 0 0 32 0 1 15 15 0 0
0 1 1

x 1
254 1 1 10 15 0 0 254 1 1 14 15 0 0
0 1 0

z 1
240 1 1 13 15 0 0 240 1 1 14 15 0 0
0 1 0

[ 0 
221 0 1 6 15 0 0
0 0 0

] 0 
222 0 1 6 15 0 0
0 0 0

| 0 
222 1 1 14 15 0 0
0 0 0

, 0 
203 1 1 12 15 0 0
0 0 0

' 0 
202 1 1 12 15 0 0
0 0 0

? 0 
205 1 1 11 15 0 0
0 0 0

> 0 
188 1 1 11 15 0 0
0 0 0

< 0 
200 1 1 11 15 0 0
0 0 0

\ 0 
186 1 1 11 15 0 0
0 0 0

q 0 
205 0 1 1 15 0 0
0 0 0

m 1 
247 1 0 5 15 0 0 32 0 1 15 15 0 0
0 1 0

p 0
32 0 1 4 4 0 0
0 0 0

+ 0 
205 0 1 1 15 0 0
0 0 0

1 0
49 1 1 8 15 0 0
0 0 0

2 0
50 1 1 8 15 0 0
0 0 0

3 0
51 1 1 8 15 0 0
0 0 0

4 0
52 1 1 8 15 0 0
0 0 0

5 0 
53 1 1 8 15 0 0
0 0 0

6 0
54 1 1 8 15 0 0
0 0 0

7 0
55 1 1 8 15 0 0
0 0 0

8 0
56 1 1 8 15 0 0
0 0 0

9 0
57 1 1 8 15 0 0
0 0 0

O 0
79 1 1 0 15 0 0
0 0 0

M 0
77 1 1 0 15 0 0
0 1 1